0.2976470588235294
0.45294117647058824
0.6082352941176471
0.7376470588235294
0.8670588235294118
0.996470588235294
1.1258823529411763
1.2294117647058824
1.3588235294117645
1.4364705882352942
1.54
1.6176470588235292
1.7211764705882353
1.8247058823529412
1.928235294117647
2.005882352941176
2.096470588235294
2.1870588235294117
2.2517647058823527
2.3164705882352936
2.3552941176470585
2.3294117647058825
2.3035294117647056
2.2905882352941176
2.277647058823529
2.2517647058823527
2.2258823529411766
2.2129411764705877
2.1999999999999997
2.1870588235294117
2.1870588235294117
2.1741176470588233
2.1741176470588233
2.1741176470588233
2.1741176470588233
2.1741176470588233
2.1611764705882353
2.148235294117647
2.148235294117647
2.148235294117647
2.135294117647059
2.135294117647059
2.135294117647059
2.135294117647059
2.135294117647059
2.135294117647059
2.135294117647059
2.135294117647059
2.1223529411764708
2.1223529411764708
2.1223529411764708
2.1223529411764708
2.1223529411764708
2.1223529411764708
0.0